[
    1,
    0,
    0,
    [
        [
            "cc.Skeleton",
            [
                "_name",
                "_hash",
                "_joints",
                "_bindposes"
            ],
            0,
            12
        ]
    ],
    [
        [
            0,
            0,
            1,
            2,
            3,
            4
        ]
    ],
    [
        [
            0,
            "Skin-0",
            2117900116,
            [
                "Root_M",
                "Root_M/Hip_R",
                "Root_M/Hip_R/HipPart1_R",
                "Root_M/Hip_R/HipPart1_R/HipPart2_R",
                "Root_M/Hip_R/HipPart1_R/HipPart2_R/Knee_R",
                "Root_M/Hip_R/HipPart1_R/HipPart2_R/Knee_R/Ankle_R",
                "Root_M/Hip_R/HipPart1_R/HipPart2_R/Knee_R/Ankle_R/Toes_R",
                "Root_M/Hip_R/HipPart1_R/HipPart2_R/Knee_R/Ankle_R/Toes_R/ToesEnd_R",
                "Root_M/RootPart1_M",
                "Root_M/RootPart1_M/RootPart2_M",
                "Root_M/RootPart1_M/RootPart2_M/Spine1_M",
                "Root_M/RootPart1_M/RootPart2_M/Spine1_M/Spine1Part1_M",
                "Root_M/RootPart1_M/RootPart2_M/Spine1_M/Spine1Part1_M/Spine1Part2_M",
                "Root_M/RootPart1_M/RootPart2_M/Spine1_M/Spine1Part1_M/Spine1Part2_M/Chest_M",
                "Root_M/RootPart1_M/RootPart2_M/Spine1_M/Spine1Part1_M/Spine1Part2_M/Chest_M/Neck_M",
                "Root_M/RootPart1_M/RootPart2_M/Spine1_M/Spine1Part1_M/Spine1Part2_M/Chest_M/Neck_M/NeckPart1_M",
                "Root_M/RootPart1_M/RootPart2_M/Spine1_M/Spine1Part1_M/Spine1Part2_M/Chest_M/Neck_M/NeckPart1_M/NeckPart2_M",
                "Root_M/RootPart1_M/RootPart2_M/Spine1_M/Spine1Part1_M/Spine1Part2_M/Chest_M/Neck_M/NeckPart1_M/NeckPart2_M/Head_M",
                "Root_M/RootPart1_M/RootPart2_M/Spine1_M/Spine1Part1_M/Spine1Part2_M/Chest_M/Neck_M/NeckPart1_M/NeckPart2_M/Head_M/HeadEnd_M",
                "Root_M/RootPart1_M/RootPart2_M/Spine1_M/Spine1Part1_M/Spine1Part2_M/Chest_M/Scapula_R",
                "Root_M/RootPart1_M/RootPart2_M/Spine1_M/Spine1Part1_M/Spine1Part2_M/Chest_M/Scapula_R/Shoulder_R",
                "Root_M/RootPart1_M/RootPart2_M/Spine1_M/Spine1Part1_M/Spine1Part2_M/Chest_M/Scapula_R/Shoulder_R/ShoulderPart1_R",
                "Root_M/RootPart1_M/RootPart2_M/Spine1_M/Spine1Part1_M/Spine1Part2_M/Chest_M/Scapula_R/Shoulder_R/ShoulderPart1_R/ShoulderPart2_R",
                "Root_M/RootPart1_M/RootPart2_M/Spine1_M/Spine1Part1_M/Spine1Part2_M/Chest_M/Scapula_R/Shoulder_R/ShoulderPart1_R/ShoulderPart2_R/Elbow_R",
                "Root_M/RootPart1_M/RootPart2_M/Spine1_M/Spine1Part1_M/Spine1Part2_M/Chest_M/Scapula_R/Shoulder_R/ShoulderPart1_R/ShoulderPart2_R/Elbow_R/ElbowPart1_R",
                "Root_M/RootPart1_M/RootPart2_M/Spine1_M/Spine1Part1_M/Spine1Part2_M/Chest_M/Scapula_R/Shoulder_R/ShoulderPart1_R/ShoulderPart2_R/Elbow_R/ElbowPart1_R/ElbowPart2_R",
                "Root_M/RootPart1_M/RootPart2_M/Spine1_M/Spine1Part1_M/Spine1Part2_M/Chest_M/Scapula_R/Shoulder_R/ShoulderPart1_R/ShoulderPart2_R/Elbow_R/ElbowPart1_R/ElbowPart2_R/Wrist_R",
                "Root_M/RootPart1_M/RootPart2_M/Spine1_M/Spine1Part1_M/Spine1Part2_M/Chest_M/Scapula_R/Shoulder_R/ShoulderPart1_R/ShoulderPart2_R/Elbow_R/ElbowPart1_R/ElbowPart2_R/Wrist_R/MiddleFinger1_R",
                "Root_M/RootPart1_M/RootPart2_M/Spine1_M/Spine1Part1_M/Spine1Part2_M/Chest_M/Scapula_R/Shoulder_R/ShoulderPart1_R/ShoulderPart2_R/Elbow_R/ElbowPart1_R/ElbowPart2_R/Wrist_R/MiddleFinger1_R/MiddleFinger2_R",
                "Root_M/RootPart1_M/RootPart2_M/Spine1_M/Spine1Part1_M/Spine1Part2_M/Chest_M/Scapula_R/Shoulder_R/ShoulderPart1_R/ShoulderPart2_R/Elbow_R/ElbowPart1_R/ElbowPart2_R/Wrist_R/MiddleFinger1_R/MiddleFinger2_R/MiddleFinger3_R",
                "Root_M/RootPart1_M/RootPart2_M/Spine1_M/Spine1Part1_M/Spine1Part2_M/Chest_M/Scapula_R/Shoulder_R/ShoulderPart1_R/ShoulderPart2_R/Elbow_R/ElbowPart1_R/ElbowPart2_R/Wrist_R/MiddleFinger1_R/MiddleFinger2_R/MiddleFinger3_R/MiddleFinger4_R",
                "Root_M/RootPart1_M/RootPart2_M/Spine1_M/Spine1Part1_M/Spine1Part2_M/Chest_M/Scapula_R/Shoulder_R/ShoulderPart1_R/ShoulderPart2_R/Elbow_R/ElbowPart1_R/ElbowPart2_R/Wrist_R/ThumbFinger1_R",
                "Root_M/RootPart1_M/RootPart2_M/Spine1_M/Spine1Part1_M/Spine1Part2_M/Chest_M/Scapula_R/Shoulder_R/ShoulderPart1_R/ShoulderPart2_R/Elbow_R/ElbowPart1_R/ElbowPart2_R/Wrist_R/ThumbFinger1_R/ThumbFinger2_R",
                "Root_M/RootPart1_M/RootPart2_M/Spine1_M/Spine1Part1_M/Spine1Part2_M/Chest_M/Scapula_R/Shoulder_R/ShoulderPart1_R/ShoulderPart2_R/Elbow_R/ElbowPart1_R/ElbowPart2_R/Wrist_R/ThumbFinger1_R/ThumbFinger2_R/ThumbFinger3_R",
                "Root_M/RootPart1_M/RootPart2_M/Spine1_M/Spine1Part1_M/Spine1Part2_M/Chest_M/Scapula_R/Shoulder_R/ShoulderPart1_R/ShoulderPart2_R/Elbow_R/ElbowPart1_R/ElbowPart2_R/Wrist_R/ThumbFinger1_R/ThumbFinger2_R/ThumbFinger3_R/ThumbFinger4_R",
                "Root_M/RootPart1_M/RootPart2_M/Spine1_M/Spine1Part1_M/Spine1Part2_M/Chest_M/Scapula_L",
                "Root_M/RootPart1_M/RootPart2_M/Spine1_M/Spine1Part1_M/Spine1Part2_M/Chest_M/Scapula_L/Shoulder_L",
                "Root_M/RootPart1_M/RootPart2_M/Spine1_M/Spine1Part1_M/Spine1Part2_M/Chest_M/Scapula_L/Shoulder_L/ShoulderPart1_L",
                "Root_M/RootPart1_M/RootPart2_M/Spine1_M/Spine1Part1_M/Spine1Part2_M/Chest_M/Scapula_L/Shoulder_L/ShoulderPart1_L/ShoulderPart2_L",
                "Root_M/RootPart1_M/RootPart2_M/Spine1_M/Spine1Part1_M/Spine1Part2_M/Chest_M/Scapula_L/Shoulder_L/ShoulderPart1_L/ShoulderPart2_L/Elbow_L",
                "Root_M/RootPart1_M/RootPart2_M/Spine1_M/Spine1Part1_M/Spine1Part2_M/Chest_M/Scapula_L/Shoulder_L/ShoulderPart1_L/ShoulderPart2_L/Elbow_L/ElbowPart1_L",
                "Root_M/RootPart1_M/RootPart2_M/Spine1_M/Spine1Part1_M/Spine1Part2_M/Chest_M/Scapula_L/Shoulder_L/ShoulderPart1_L/ShoulderPart2_L/Elbow_L/ElbowPart1_L/ElbowPart2_L",
                "Root_M/RootPart1_M/RootPart2_M/Spine1_M/Spine1Part1_M/Spine1Part2_M/Chest_M/Scapula_L/Shoulder_L/ShoulderPart1_L/ShoulderPart2_L/Elbow_L/ElbowPart1_L/ElbowPart2_L/Wrist_L",
                "Root_M/RootPart1_M/RootPart2_M/Spine1_M/Spine1Part1_M/Spine1Part2_M/Chest_M/Scapula_L/Shoulder_L/ShoulderPart1_L/ShoulderPart2_L/Elbow_L/ElbowPart1_L/ElbowPart2_L/Wrist_L/MiddleFinger1_L",
                "Root_M/RootPart1_M/RootPart2_M/Spine1_M/Spine1Part1_M/Spine1Part2_M/Chest_M/Scapula_L/Shoulder_L/ShoulderPart1_L/ShoulderPart2_L/Elbow_L/ElbowPart1_L/ElbowPart2_L/Wrist_L/MiddleFinger1_L/MiddleFinger2_L",
                "Root_M/RootPart1_M/RootPart2_M/Spine1_M/Spine1Part1_M/Spine1Part2_M/Chest_M/Scapula_L/Shoulder_L/ShoulderPart1_L/ShoulderPart2_L/Elbow_L/ElbowPart1_L/ElbowPart2_L/Wrist_L/MiddleFinger1_L/MiddleFinger2_L/MiddleFinger3_L",
                "Root_M/RootPart1_M/RootPart2_M/Spine1_M/Spine1Part1_M/Spine1Part2_M/Chest_M/Scapula_L/Shoulder_L/ShoulderPart1_L/ShoulderPart2_L/Elbow_L/ElbowPart1_L/ElbowPart2_L/Wrist_L/MiddleFinger1_L/MiddleFinger2_L/MiddleFinger3_L/MiddleFinger4_L",
                "Root_M/RootPart1_M/RootPart2_M/Spine1_M/Spine1Part1_M/Spine1Part2_M/Chest_M/Scapula_L/Shoulder_L/ShoulderPart1_L/ShoulderPart2_L/Elbow_L/ElbowPart1_L/ElbowPart2_L/Wrist_L/ThumbFinger1_L",
                "Root_M/RootPart1_M/RootPart2_M/Spine1_M/Spine1Part1_M/Spine1Part2_M/Chest_M/Scapula_L/Shoulder_L/ShoulderPart1_L/ShoulderPart2_L/Elbow_L/ElbowPart1_L/ElbowPart2_L/Wrist_L/ThumbFinger1_L/ThumbFinger2_L",
                "Root_M/RootPart1_M/RootPart2_M/Spine1_M/Spine1Part1_M/Spine1Part2_M/Chest_M/Scapula_L/Shoulder_L/ShoulderPart1_L/ShoulderPart2_L/Elbow_L/ElbowPart1_L/ElbowPart2_L/Wrist_L/ThumbFinger1_L/ThumbFinger2_L/ThumbFinger3_L",
                "Root_M/RootPart1_M/RootPart2_M/Spine1_M/Spine1Part1_M/Spine1Part2_M/Chest_M/Scapula_L/Shoulder_L/ShoulderPart1_L/ShoulderPart2_L/Elbow_L/ElbowPart1_L/ElbowPart2_L/Wrist_L/ThumbFinger1_L/ThumbFinger2_L/ThumbFinger3_L/ThumbFinger4_L",
                "Root_M/Hip_L",
                "Root_M/Hip_L/HipPart1_L",
                "Root_M/Hip_L/HipPart1_L/HipPart2_L",
                "Root_M/Hip_L/HipPart1_L/HipPart2_L/Knee_L",
                "Root_M/Hip_L/HipPart1_L/HipPart2_L/Knee_L/Ankle_L",
                "Root_M/Hip_L/HipPart1_L/HipPart2_L/Knee_L/Ankle_L/Toes_L",
                "Root_M/Hip_L/HipPart1_L/HipPart2_L/Knee_L/Ankle_L/Toes_L/ToesEnd_L"
            ],
            [
                [
                    [
                        7,
                        -1.6023977390254742e-16,
                        1.472550499887146e-16,
                        1,
                        0,
                        0.996440052986145,
                        0.08430462330579758,
                        1.472550499887146e-16,
                        0,
                        -0.08430462330579758,
                        0.996440052986145,
                        -1.6023977390254742e-16,
                        0,
                        -0.007415581960231066,
                        -0.00043340062256902456,
                        -1.3394983370577721e-18,
                        1
                    ],
                    [
                        7,
                        -0.11048699915409088,
                        -0.05566728860139847,
                        -0.9923173785209656,
                        0,
                        -0.8823010325431824,
                        0.4651236832141876,
                        0.07214488089084625,
                        0,
                        0.45753419399261475,
                        0.8834937214851379,
                        -0.10050542652606964,
                        0,
                        0.005453066900372505,
                        -0.002882261760532856,
                        -0.003018151968717575,
                        1
                    ],
                    [
                        7,
                        -0.11048699915409088,
                        -0.05566728860139847,
                        -0.9923173785209656,
                        0,
                        -0.8823010325431824,
                        0.4651236832141876,
                        0.07214488089084625,
                        0,
                        0.45753419399261475,
                        0.8834937214851379,
                        -0.10050542652606964,
                        0,
                        0.0046480814926326275,
                        -0.002882261760532856,
                        -0.003018151968717575,
                        1
                    ],
                    [
                        7,
                        -0.11048699915409088,
                        -0.05566728860139847,
                        -0.9923173785209656,
                        0,
                        -0.8823010325431824,
                        0.4651236832141876,
                        0.07214488089084625,
                        0,
                        0.45753419399261475,
                        0.8834937214851379,
                        -0.10050542652606964,
                        0,
                        0.003843095852062106,
                        -0.002882261760532856,
                        -0.003018151968717575,
                        1
                    ],
                    [
                        7,
                        -0.03903454914689064,
                        -0.11739901453256607,
                        -0.9923173785209656,
                        0,
                        -0.9534516930580139,
                        -0.2927883565425873,
                        0.07214488089084625,
                        0,
                        -0.29900869727134705,
                        0.9489427804946899,
                        -0.10050542652606964,
                        0,
                        0.004186578560620546,
                        0.00010053561709355563,
                        -0.003018151968717575,
                        1
                    ],
                    [
                        7,
                        1.309573693930588e-8,
                        0.012111779302358627,
                        -0.9999266266822815,
                        0,
                        -1,
                        3.024846364496625e-7,
                        -9.432802094977433e-9,
                        0,
                        3.0234821224439656e-7,
                        0.9999266266822815,
                        0.012111779302358627,
                        0,
                        0.001261721714399755,
                        0.00011619829456321895,
                        -0.002940434729680419,
                        1
                    ],
                    [
                        7,
                        6.244697488000384e-7,
                        2.5197342878868767e-8,
                        -1,
                        0,
                        -0.0612449049949646,
                        0.9981227517127991,
                        -1.3095548645480903e-8,
                        0,
                        0.9981227517127991,
                        0.0612449049949646,
                        6.248406521081051e-7,
                        0,
                        -0.001348279882222414,
                        -0.0006178165203891695,
                        -0.002923892345279455,
                        1
                    ],
                    [
                        7,
                        -5.61096044293663e-7,
                        -1.439321266616389e-7,
                        -1,
                        0,
                        -0.0612449049949646,
                        0.9981227517127991,
                        -1.0929765892342402e-7,
                        0,
                        0.9981227517127991,
                        0.0612449049949646,
                        -5.688578426088498e-7,
                        0,
                        -0.002856848295778036,
                        -0.0006178169860504568,
                        -0.002923890482634306,
                        1
                    ],
                    [
                        7,
                        -1.6023977390254742e-16,
                        1.472550499887146e-16,
                        1,
                        0,
                        0.996440052986145,
                        0.08430462330579758,
                        1.472550499887146e-16,
                        0,
                        -0.08430462330579758,
                        0.996440052986145,
                        -1.6023977390254742e-16,
                        0,
                        -0.008469980210065842,
                        -0.00043340062256902456,
                        -1.2345827806670323e-18,
                        1
                    ],
                    [
                        7,
                        -1.6023977390254742e-16,
                        1.472550499887146e-16,
                        1,
                        0,
                        0.996440052986145,
                        0.08430462330579758,
                        1.472550499887146e-16,
                        0,
                        -0.08430462330579758,
                        0.996440052986145,
                        -1.6023977390254742e-16,
                        0,
                        -0.009524378925561905,
                        -0.00043340062256902456,
                        -1.129667327673869e-18,
                        1
                    ],
                    [
                        7,
                        -1.6060382601629935e-16,
                        1.526272373426668e-16,
                        1,
                        0,
                        0.9987038373947144,
                        0.05089806020259857,
                        1.526272373426668e-16,
                        0,
                        -0.05089806020259857,
                        0.9987038373947144,
                        -1.6060382601629935e-16,
                        0,
                        -0.010587356984615326,
                        -0.0000789962214184925,
                        -5.34000248010079e-19,
                        1
                    ],
                    [
                        7,
                        -1.6060382601629935e-16,
                        1.526272373426668e-16,
                        1,
                        0,
                        0.9987038373947144,
                        0.05089806020259857,
                        1.526272373426668e-16,
                        0,
                        -0.05089806020259857,
                        0.9987038373947144,
                        -1.6060382601629935e-16,
                        0,
                        -0.011456559412181377,
                        -0.0000789962214184925,
                        -4.581024460016408e-19,
                        1
                    ],
                    [
                        7,
                        -1.6060382601629935e-16,
                        1.526272373426668e-16,
                        1,
                        0,
                        0.9987038373947144,
                        0.05089806020259857,
                        1.526272373426668e-16,
                        0,
                        -0.05089806020259857,
                        0.9987038373947144,
                        -1.6060382601629935e-16,
                        0,
                        -0.012325761839747429,
                        -0.0000789962214184925,
                        -3.822045922944143e-19,
                        1
                    ],
                    [
                        7,
                        -1.6049747044185974e-16,
                        1.7086946829032745e-16,
                        1,
                        0,
                        0.9980424642562866,
                        -0.06254000961780548,
                        1.7086946829032745e-16,
                        0,
                        0.06254000961780548,
                        0.9980424642562866,
                        -1.6049747044185974e-16,
                        0,
                        -0.013119010254740715,
                        0.0014159390702843666,
                        -9.310562090433323e-20,
                        1
                    ],
                    [
                        7,
                        -1.6079664512580791e-16,
                        1.630534452997588e-16,
                        1,
                        0,
                        0.9999029040336609,
                        -0.013936657458543777,
                        1.630534452997588e-16,
                        0,
                        0.013936657458543777,
                        0.9999029040336609,
                        -1.6079664512580791e-16,
                        0,
                        -0.015990274026989937,
                        0.0006391750648617744,
                        -5.489837666065916e-18,
                        1
                    ],
                    [
                        7,
                        -1.6079664512580791e-16,
                        1.630534452997588e-16,
                        1,
                        0,
                        0.9999029040336609,
                        -0.013936657458543777,
                        1.630534452997588e-16,
                        0,
                        0.013936657458543777,
                        0.9999029040336609,
                        -1.6079664512580791e-16,
                        0,
                        -0.016137070953845978,
                        0.0006391750648617744,
                        -5.445915616310269e-18,
                        1
                    ],
                    [
                        7,
                        -1.6079664512580791e-16,
                        1.630534452997588e-16,
                        1,
                        0,
                        0.9999029040336609,
                        -0.013936657458543777,
                        1.630534452997588e-16,
                        0,
                        0.013936657458543777,
                        0.9999029040336609,
                        -1.6079664512580791e-16,
                        0,
                        -0.01628386788070202,
                        0.0006391750648617744,
                        -5.401993566554622e-18,
                        1
                    ],
                    [
                        7,
                        -1.6081226229577292e-16,
                        1.6082956029674262e-16,
                        1,
                        0,
                        1,
                        -0.00010757241398096085,
                        1.6082956029674262e-16,
                        0,
                        0.00010757241398096085,
                        1,
                        -1.6081226229577292e-16,
                        0,
                        -0.01643793098628521,
                        0.00041189274634234607,
                        -5.1848383898344445e-18,
                        1
                    ],
                    [
                        7,
                        -1.6081226229577292e-16,
                        1.6082956029674262e-16,
                        1,
                        0,
                        1,
                        -0.00010757241398096085,
                        1.6082956029674262e-16,
                        0,
                        0.00010757241398096085,
                        1,
                        -1.6081226229577292e-16,
                        0,
                        -0.02527059055864811,
                        0.00041189274634234607,
                        -5.272694897054927e-18,
                        1
                    ],
                    [
                        7,
                        -0.9999999403953552,
                        -0.00020946175209246576,
                        -0.00013111685984767973,
                        0,
                        -0.00013102043885737658,
                        -0.0004603049310389906,
                        0.9999998807907104,
                        0,
                        -0.00020952208433300257,
                        0.9999998807907104,
                        0.0004602774861268699,
                        0,
                        -0.0013751828810200095,
                        0.000186353106983006,
                        -0.014955613762140274,
                        1
                    ],
                    [
                        7,
                        -0.5986929535865784,
                        0.7771937251091003,
                        -0.1937437802553177,
                        0,
                        -0.7998492121696472,
                        -0.5929361581802368,
                        0.09310166537761688,
                        0,
                        -0.04251966252923012,
                        0.21070513129234314,
                        0.9766244888305664,
                        0,
                        0.010059710592031479,
                        0.01136496290564537,
                        -0.001829555258154869,
                        1
                    ],
                    [
                        7,
                        -0.5986929535865784,
                        0.7771937251091003,
                        -0.1937437802553177,
                        0,
                        -0.7998492121696472,
                        -0.5929361581802368,
                        0.09310166537761688,
                        0,
                        -0.04251966252923012,
                        0.21070513129234314,
                        0.9766244888305664,
                        0,
                        0.008888632990419865,
                        0.01136496290564537,
                        -0.001829555258154869,
                        1
                    ],
                    [
                        7,
                        -0.5986929535865784,
                        0.7771937251091003,
                        -0.1937437802553177,
                        0,
                        -0.7998492121696472,
                        -0.5929361581802368,
                        0.09310166537761688,
                        0,
                        -0.04251966252923012,
                        0.21070513129234314,
                        0.9766244888305664,
                        0,
                        0.00771755538880825,
                        0.01136496290564537,
                        -0.001829555258154869,
                        1
                    ],
                    [
                        7,
                        -0.22802767157554626,
                        0.95418381690979,
                        -0.1937437802553177,
                        0,
                        -0.9724966883659363,
                        -0.21350005269050598,
                        0.09310166537761688,
                        0,
                        0.0474717952311039,
                        0.20964494347572327,
                        0.9766244888305664,
                        0,
                        0.010625606402754784,
                        0.007688644342124462,
                        -0.001829555258154869,
                        1
                    ],
                    [
                        7,
                        -0.22802767157554626,
                        0.95418381690979,
                        -0.1937437802553177,
                        0,
                        -0.9724966883659363,
                        -0.21350005269050598,
                        0.09310166537761688,
                        0,
                        0.0474717952311039,
                        0.20964494347572327,
                        0.9766244888305664,
                        0,
                        0.009594511240720749,
                        0.007688644342124462,
                        -0.001829555258154869,
                        1
                    ],
                    [
                        7,
                        -0.22802767157554626,
                        0.95418381690979,
                        -0.1937437802553177,
                        0,
                        -0.9724966883659363,
                        -0.21350005269050598,
                        0.09310166537761688,
                        0,
                        0.0474717952311039,
                        0.20964494347572327,
                        0.9766244888305664,
                        0,
                        0.008563417010009289,
                        0.007688644342124462,
                        -0.001829555258154869,
                        1
                    ],
                    [
                        7,
                        -0.03569186106324196,
                        0.0005947790923528373,
                        -0.9993626475334167,
                        0,
                        -0.9993548393249512,
                        0.003986964002251625,
                        0.035693950951099396,
                        0,
                        0.004005652852356434,
                        0.9999918937683105,
                        0.0004520931688603014,
                        0,
                        0.008918658830225468,
                        0.00014979201660025865,
                        -0.006295513361692429,
                        1
                    ],
                    [
                        7,
                        0.017523596063256264,
                        0.0009771144250407815,
                        -0.9998459815979004,
                        0,
                        -0.9998319149017334,
                        -0.0053788102231919765,
                        -0.017528606578707695,
                        0,
                        -0.005395109299570322,
                        0.9999850392341614,
                        0.0008826940902508795,
                        0,
                        0.008189716376364231,
                        0.0002278272295370698,
                        -0.0058679464273154736,
                        1
                    ],
                    [
                        7,
                        0.0007298105047084391,
                        0.0004925550310872495,
                        -0.9999995827674866,
                        0,
                        -0.9999954700469971,
                        -0.0029268120415508747,
                        -0.0007312491070479155,
                        0,
                        -0.002927171066403389,
                        0.9999955892562866,
                        0.0004904167726635933,
                        0,
                        0.007169565185904503,
                        0.00020735396537929773,
                        -0.005989305209368467,
                        1
                    ],
                    [
                        7,
                        0.6675249934196472,
                        -0.005989084020256996,
                        -0.7445632815361023,
                        0,
                        -0.7445838451385498,
                        -0.008439402095973492,
                        -0.6674755811691284,
                        0,
                        -0.0022861019242554903,
                        0.9999464750289917,
                        -0.01009288802742958,
                        0,
                        0.008638721890747547,
                        0.0002028322487603873,
                        -0.0003070331003982574,
                        1
                    ],
                    [
                        7,
                        0.6675249934196472,
                        -0.005989084020256996,
                        -0.7445632815361023,
                        0,
                        -0.7445838451385498,
                        -0.008439402095973492,
                        -0.6674755811691284,
                        0,
                        -0.0022861019242554903,
                        0.9999464750289917,
                        -0.01009288802742958,
                        0,
                        0.007176087703555822,
                        0.0002028322487603873,
                        -0.0003070331003982574,
                        1
                    ],
                    [
                        7,
                        0.2469724863767624,
                        0.7507872581481934,
                        -0.6126362085342407,
                        0,
                        -0.6268090605735779,
                        0.6059193015098572,
                        0.489869624376297,
                        0,
                        0.7389959096908569,
                        0.2630216181278229,
                        0.620245635509491,
                        0,
                        0.005549964029341936,
                        -0.0005493909702636302,
                        -0.008320861496031284,
                        1
                    ],
                    [
                        7,
                        0.24984301626682281,
                        0.7523959279060364,
                        -0.6094905734062195,
                        0,
                        -0.640095591545105,
                        0.600635826587677,
                        0.4790763854980469,
                        0,
                        0.7265370488166809,
                        0.27043837308883667,
                        0.6316699981689453,
                        0,
                        0.004978206008672714,
                        -0.0005134207895025611,
                        -0.008241767063736916,
                        1
                    ],
                    [
                        7,
                        0.3074242174625397,
                        0.7415106892585754,
                        -0.5963658094406128,
                        0,
                        -0.6498017311096191,
                        0.6214286684989929,
                        0.4377031922340393,
                        0,
                        0.695160448551178,
                        0.2529590129852295,
                        0.6728771924972534,
                        0,
                        0.00471519585698843,
                        -0.0006810335326008499,
                        -0.007971401326358318,
                        1
                    ],
                    [
                        7,
                        0.3074242174625397,
                        0.7415106892585754,
                        -0.5963658094406128,
                        0,
                        -0.6498017311096191,
                        0.6214286684989929,
                        0.4377031922340393,
                        0,
                        0.695160448551178,
                        0.2529590129852295,
                        0.6728771924972534,
                        0,
                        0.004111236892640591,
                        -0.0006810335326008499,
                        -0.007971401326358318,
                        1
                    ],
                    [
                        7,
                        -0.9999999403953552,
                        -0.00020946175209246576,
                        -0.00013111685984767973,
                        0,
                        0.00013102043885737658,
                        0.0004603040579240769,
                        -0.9999998807907104,
                        0,
                        0.00020952208433300257,
                        -0.9999998807907104,
                        -0.0004602766130119562,
                        0,
                        0.0013751828810200095,
                        -0.00018635309243109077,
                        0.014955613762140274,
                        1
                    ],
                    [
                        7,
                        -0.5986929535865784,
                        0.7771937251091003,
                        -0.1937437802553177,
                        0,
                        0.7998492121696472,
                        0.5929361581802368,
                        -0.09310166537761688,
                        0,
                        0.04251966252923012,
                        -0.21070513129234314,
                        -0.9766244888305664,
                        0,
                        -0.010059710592031479,
                        -0.01136496290564537,
                        0.001829555258154869,
                        1
                    ],
                    [
                        7,
                        -0.5986929535865784,
                        0.7771937251091003,
                        -0.1937437802553177,
                        0,
                        0.7998492121696472,
                        0.5929361581802368,
                        -0.09310166537761688,
                        0,
                        0.04251966252923012,
                        -0.21070513129234314,
                        -0.9766244888305664,
                        0,
                        -0.008888632990419865,
                        -0.01136496290564537,
                        0.001829555258154869,
                        1
                    ],
                    [
                        7,
                        -0.5986929535865784,
                        0.7771937251091003,
                        -0.1937437802553177,
                        0,
                        0.7998492121696472,
                        0.5929361581802368,
                        -0.09310166537761688,
                        0,
                        0.04251966252923012,
                        -0.21070513129234314,
                        -0.9766244888305664,
                        0,
                        -0.00771755538880825,
                        -0.01136496290564537,
                        0.001829555258154869,
                        1
                    ],
                    [
                        7,
                        -0.22802767157554626,
                        0.95418381690979,
                        -0.1937437802553177,
                        0,
                        0.9724966883659363,
                        0.21350005269050598,
                        -0.09310166537761688,
                        0,
                        -0.0474717952311039,
                        -0.20964494347572327,
                        -0.9766244888305664,
                        0,
                        -0.010625606402754784,
                        -0.007688644342124462,
                        0.001829555258154869,
                        1
                    ],
                    [
                        7,
                        -0.22802767157554626,
                        0.95418381690979,
                        -0.1937437802553177,
                        0,
                        0.9724966883659363,
                        0.21350005269050598,
                        -0.09310166537761688,
                        0,
                        -0.0474717952311039,
                        -0.20964494347572327,
                        -0.9766244888305664,
                        0,
                        -0.009594511240720749,
                        -0.007688644342124462,
                        0.001829555258154869,
                        1
                    ],
                    [
                        7,
                        -0.22802767157554626,
                        0.95418381690979,
                        -0.1937437802553177,
                        0,
                        0.9724966883659363,
                        0.21350005269050598,
                        -0.09310166537761688,
                        0,
                        -0.0474717952311039,
                        -0.20964494347572327,
                        -0.9766244888305664,
                        0,
                        -0.008563417010009289,
                        -0.007688644342124462,
                        0.001829555258154869,
                        1
                    ],
                    [
                        7,
                        -0.03569186106324196,
                        0.0005947789177298546,
                        -0.9993626475334167,
                        0,
                        0.9993548393249512,
                        -0.0039869649335742,
                        -0.035693950951099396,
                        0,
                        -0.0040056537836790085,
                        -0.9999918937683105,
                        -0.0004520929651334882,
                        0,
                        -0.008918658830225468,
                        -0.00014979201660025865,
                        0.006295513361692429,
                        1
                    ],
                    [
                        7,
                        0.017523596063256264,
                        0.0009771143086254597,
                        -0.9998459815979004,
                        0,
                        0.9998319149017334,
                        0.005378809291869402,
                        0.017528606578707695,
                        0,
                        0.005395108368247747,
                        -0.9999850392341614,
